VANTAA VVP_40 PPI1_A 2017 08 12 16 00 ELEVS: 0.5 0.7 1.5 3.0

     Height  Count  ZCnt  Wind-Speed  Direction     Vertical         Linear-dBZ       Log-dBZ     Divergence      Deformation     Axis-of-Dil
      11900    141   141  40.0   8.9 213.1  25.2   327.67   327.67   15.2   18.7    8.6    7.0   32.77   32.77   32.77   32.77  3276.7  3276.7
      11700    166   166  36.0   3.8 209.2  11.9   327.67   327.67   15.6   19.2    8.7    7.0   32.77   32.77   32.77   32.77  3276.7  3276.7
      11500    224   224  27.6   1.5 209.7   6.3   327.67   327.67   15.7   19.8    8.7    6.6   32.77   32.77   32.77   32.77  3276.7  3276.7
      11300    295   295  26.2   1.1 217.3   4.7    -1.01     0.00   14.4   18.7    8.6    6.2    5.73    0.00    8.24    0.00    19.5     0.0
      11100    322   322  24.9   0.8 216.3   3.9     9.02     0.00   13.6   15.9   10.1    5.1    1.09    0.00    8.64    0.00    17.1     0.0
      10900    341   341  24.8   0.0 214.1   0.0    -9.47     0.00   15.0   17.8   11.4    5.0   16.37    0.00   11.62    0.00     8.1     0.0
      10700    523   523  24.3   0.8 216.4   3.7    -6.27     1.93   33.3   43.4   12.1    8.0    5.87    0.47    5.87    0.59     7.4     5.7
      10500    740   740  22.3   0.7 215.8   3.7    -3.73     1.85   38.2   47.2   12.8    9.6    4.51    0.39    5.18    0.49     6.1     5.4
      10300    556   556  22.2   0.7 214.0   3.7    -4.93     1.76   34.3   45.3   13.2    8.2    3.95    0.42    5.37    0.54     4.0     5.7
      10100    784   784  21.1   0.6 215.2   3.4    -7.67     1.59   32.0   42.8   13.3    8.9    4.31    0.33    4.03    0.43     3.8     6.0
       9900    564   564  20.9   0.7 213.2   3.7    -4.54     1.63   25.7   35.8   14.6    7.5    3.40    0.41    4.69    0.52     2.3     6.3
       9700    422   422  21.0   1.5 215.0   8.0   232.20   204.81   29.1   37.0   12.9    9.5  -32.05   21.56    3.93   21.57     1.9    79.7
       9500    775   775  21.1   0.6 213.9   3.5    -4.93     1.59   24.1   32.6   14.4    7.9    3.40    0.36    4.10    0.46     5.6     6.5
       9300    563   563  21.2   0.6 212.9   3.3    -6.93     1.52   20.5   23.6   15.5    6.8    3.67    0.40    3.96    0.51     9.3     7.3
       9100    790   790  20.4   0.6 212.6   3.5    -5.61     1.61   20.4   24.0   14.9    7.4    3.18    0.38    2.94    0.47     8.9     9.2
       8900    571   571  19.7   0.6 210.1   3.3    -4.55     1.40   20.8   24.0   16.0    6.8    2.85    0.39    2.78    0.48     3.6     9.9
       8700    830   830  19.7   0.4 209.2   2.6    -2.20     1.14   22.0   25.9   15.8    7.9    1.73    0.28    2.46    0.35     1.6     8.0
       8500    597   597  20.4   0.5 208.6   2.7    -3.24     1.16   24.3   28.0   17.2    8.4    1.76    0.34    2.71    0.42     0.8     8.9
       8300    814   814  20.5   0.6 210.4   3.1    -2.53     1.34   25.1   28.8   17.5    8.7    1.64    0.35    2.31    0.43     3.3    10.7
       8100    539   539  20.7   0.6 208.8   3.3    -0.12     1.31   27.0   30.8   19.0    9.1    0.89    0.40    2.04    0.51     3.8    14.1
       7900    985   985  20.0   0.7 211.2   4.0    -1.60     1.36   37.9   48.6   18.7   10.1    1.34    0.33    1.02    0.43     5.3    22.8
       7700    954   954  19.8   0.8 208.7   4.4    -0.78     1.31   39.3   48.4   19.2   10.8    0.80    0.31    0.57    0.41   162.9    35.8
       7500   1199  1199  19.6   0.7 209.4   4.0     0.35     1.27   36.8   45.7   19.4   10.3    0.49    0.29    0.44    0.38   134.0    40.7
       7300   1203  1203  19.7   0.6 208.1   3.7     2.22     1.20   34.8   43.2   19.4   10.2    0.09    0.28    0.66    0.37   113.5    29.2
       7100    964   964  20.4   0.7 207.5   4.0     1.11     1.21   36.5   45.8   19.5   10.4   -0.04    0.30    1.37    0.41   101.4    16.5
       6900   1166  1166  20.3   0.7 205.3   3.8     0.24     1.21   32.0   40.0   19.2    9.5   -0.04    0.30    2.27    0.40    99.9     9.9
       6700    927   927  20.0   0.7 205.3   3.9     0.05     1.16   31.8   38.7   19.4    9.8   -0.41    0.30    2.61    0.41   103.5     8.9
       6500   1132  1132  20.1   0.7 205.9   4.2    -1.81     1.29   33.6   39.8   19.6   10.8   -0.31    0.34    3.61    0.44   101.7     7.0
       6300   1284  1284  20.3   0.8 208.5   4.3    -0.29     1.27   38.1   46.2   19.9   11.2    0.49    0.27    2.31    0.36    98.3     9.0
       6100   1388  1388  17.7   1.0 211.1   6.7   -15.00     2.97   37.9   47.7   18.5   10.3    1.54    0.36    1.68    0.46   106.0    15.4
       5900   1459  1459  20.2   0.7 207.8   4.1    -1.65     1.31   39.9   50.3   20.2   11.9    0.43    0.27    3.10    0.37    97.2     6.8
       5700   1562  1562  21.9   0.7 210.7   3.5     2.98     1.19   35.7   42.7   21.0   11.7    0.68    0.26    2.23    0.35    89.1     9.0
       5500   1184  1184  21.8   0.8 208.8   4.0     5.88     1.31   36.9   42.6   21.9   12.1    0.06    0.32    2.74    0.44    95.4     9.1
       5300   1501  1501  22.2   0.8 209.8   4.1    -0.11     1.41   37.5   43.5   21.9   12.7    1.45    0.33    3.10    0.45    90.0     8.2
       5100   1475  1475  19.0   1.1 212.3   6.6     0.15     1.84   40.6   47.5   22.8   13.1    0.03    0.41    2.81    0.58    90.4    11.7
       4900   1659  1659  22.0   1.0 205.9   5.3    -0.01     1.59   44.4   52.3   22.1   13.4   -0.17    0.30    3.16    0.43    95.3     7.8
       4700   2041  2041  22.1   0.9 205.4   4.7    -1.38     1.49   45.6   53.3   22.4   14.1   -0.21    0.29    3.56    0.42    95.1     6.7
       4500   1814  1814  20.4   1.0 198.1   5.6    -2.20     1.55   43.6   50.4   22.2   13.8   -1.54    0.31    5.21    0.46    97.7     5.0
       4300   1992  1992  19.8   0.9 190.8   5.4    -7.91     1.48   40.4   46.5   22.5   13.8   -1.95    0.34    7.31    0.50    98.7     3.9
       4100   1693  1693  18.0   1.0 180.6   6.6   -15.33     1.57   41.4   49.7   22.0   14.2   -3.49    0.40    9.28    0.58   102.8     3.6
       3900   2117  2117  21.3   0.9 197.0   4.7    -7.25     1.47   42.3   50.6   23.7   14.9   -1.66    0.37    8.43    0.54   100.2     3.7
       3700   1963  1963  21.4   0.8 199.3   4.4    -7.19     1.46   39.9   45.7   23.6   15.1   -2.06    0.36    8.12    0.52   102.1     3.6
       3500   2184  2184  23.5   0.8 210.7   3.7    -3.55     1.42   40.2   46.1   24.8   14.5    0.35    0.30    4.28    0.42    97.9     5.6
       3300   2311  2311  24.4   0.7 211.9   3.0    -1.27     1.34   41.5   48.3   26.0   14.6    0.82    0.26    3.58    0.35    95.9     5.6
       3100   2677  2677  26.9   0.6 212.7   2.6    -5.56     1.30   41.8   47.7   27.2   15.4    1.73    0.26    4.16    0.36    90.3     5.0
       2900   2420  2420  22.9   0.5 210.7   2.4    -2.29     1.38   42.3   48.6   24.0   19.1    0.02    0.25    4.13    0.36    94.5     5.0
       2700   2731  2731  23.1   0.5 209.7   2.3   -11.54     1.40   45.9   52.9   24.2   20.8    0.24    0.25    4.39    0.37    93.4     4.8
       2500   2728  2728  23.4   0.5 213.0   2.3    -8.50     1.42   45.5   51.4   23.3   21.8   -0.03    0.31    4.51    0.43    97.2     5.5
       2300   2417  2417  23.9   0.5 215.6   2.5   -17.53     1.94   44.3   50.1   26.2   19.6    1.20    0.34    4.74    0.46    92.7     5.6
       2100   3689  3689  23.1   0.4 217.4   1.9    -7.94     1.10   44.1   49.5   24.3   20.4    1.31    0.18    1.46    0.26    85.5    10.1
       1900   3524  3524  22.3   0.4 217.5   2.2    -8.61     1.32   46.6   52.0   28.1   18.8    1.28    0.20    1.93    0.28    70.8     8.3
       1700   3631  3631  21.2   0.4 217.0   2.0   -17.96     1.23   46.2   52.0   25.8   20.9    1.09    0.22    1.87    0.32    71.8     9.8
       1500   3948  3948  17.7   0.3 219.3   2.0   -10.21     1.27   43.5   48.6   22.4   20.5   -1.97    0.15    2.83    0.21   117.7     4.3
       1300   4826  4826  15.1   0.3 217.0   2.4   -10.40     1.28   42.7   49.1   22.3   18.9   -3.01    0.14    4.24    0.19   118.2     2.6
       1100   4873  4834  13.9   0.3 214.7   2.5   -15.29     1.37   42.7   49.0   24.1   17.5   -1.27    0.13    1.56    0.18   101.3     6.5
        900   4898  4884  12.9   0.2 210.9   2.0   -15.37     1.10   41.7   46.8   21.9   19.8   -0.76    0.12    1.55    0.16    76.0     5.9
        700   5000  4887  10.4   0.2 200.6   2.4    -5.82     1.16   41.7   46.8   19.4   20.7   -1.79    0.15    2.02    0.21    94.1     5.9
        500   5000  4114  10.2   0.1 187.3   1.7   -11.38     1.23   41.9   47.8   16.6   22.1   -0.73    0.07    0.40    0.11   165.6    15.4
        300   5000  3875   9.1   0.1 172.3   1.7   -18.04     2.09   42.9   48.0   18.5   21.6   -1.11    0.08    1.23    0.13   149.7     5.9
        100   4762  2747   6.4   0.1 164.5   2.0   -10.18     2.99   41.9   46.8   13.4   17.0   -4.08    0.22    1.17    0.33   151.6    15.8
